2.000000000000000000e+00
6.958257003672316601e-03
1.388239259524765012e-02
2.073974631550779685e-02
2.750223883746405820e-02
3.414641321626235571e-02
4.065503969948998375e-02
4.701599204912103314e-02
5.322257074100982671e-02
5.927194369345777786e-02
6.516494504281677980e-02
7.090486877506918528e-02
7.649691604314522164e-02
8.194722300067677767e-02
8.726291653716139463e-02
9.245140180510230676e-02
9.752026554632009514e-02
1.024767748476488466e-01
1.073282073511087759e-01
1.120814750726679271e-01
1.167432420182928365e-01
1.213195569303342353e-01
1.258164063750519257e-01
1.302391353667584628e-01
1.345929836339966323e-01
1.388826244869479920e-01
1.431125618844948655e-01
1.472870507712629728e-01
1.514098845746390254e-01
1.554846593729630744e-01
1.595148594272247367e-01
1.635035539395326143e-01
1.674538116200736948e-01
1.713683465930155581e-01
1.752497377982497606e-01
1.791005054279138919e-01
1.829228636463592073e-01
1.867190770262200372e-01
1.904911251926301452e-01
1.942409042533323194e-01
1.979703231573379241e-01
2.016810517791714219e-01
2.053747286977319342e-01
2.090528906964301270e-01
2.127170592490566503e-01
2.163686096737914011e-01
2.200088662425176700e-01
2.236391532563047346e-01
2.272606624141527421e-01
2.308745664418072052e-01
2.344819816463631634e-01
2.380840032681218466e-01
2.416816520094278997e-01
2.452759217006220127e-01
2.488677819046332673e-01
2.524581475496233685e-01
2.560479189160822511e-01
2.596379554666254919e-01
2.632290949192221396e-01
2.668221479324552337e-01
2.704179007682612212e-01
2.740171232659331935e-01
2.776205580563033126e-01
2.812288936841370601e-01
2.848428775531720580e-01
2.884631797612254300e-01
2.920904699855002562e-01
2.957254477887001354e-01
2.993686888483411135e-01
3.030208480731366727e-01
3.066825407878435716e-01
3.103543702593947740e-01
3.140369282938743623e-01
3.177307411575860940e-01
3.214364760377637076e-01
3.251546532645280818e-01
3.288858267176351102e-01
3.326305422567536474e-01
3.363893903896967852e-01
3.401627829104690859e-01
3.439512913310651121e-01
3.477554926761535214e-01
3.515757541629193628e-01
3.554127217621715906e-01
3.592669189833620491e-01
3.631387168888831618e-01
3.670286531935373908e-01
3.709372111161168273e-01
3.748647415000608829e-01
3.788119176829506940e-01
3.827791191961892880e-01
3.867669241331748164e-01
3.907756024713069931e-01
3.948056914275344109e-01
3.988576424056169967e-01
4.029317577823948726e-01
4.070287198288748964e-01
4.111488600144379557e-01
4.152926112070385312e-01
4.194605762993463549e-01
4.236528880897226790e-01
4.278700996239462317e-01
4.321124733495728676e-01
4.363806887619663955e-01
4.406750363929994863e-01
4.449959205667833873e-01
4.493439276838742669e-01
4.537191337318897122e-01
4.581220746570635605e-01
4.625531382592896756e-01
4.670124866217081894e-01
4.715008794298653494e-01
4.760185147464308653e-01
4.805659632616504084e-01
4.851432262655638872e-01
4.897508203782912073e-01
4.943890941115581250e-01
4.990581453946530965e-01
5.037587377410696066e-01
5.084910030063671815e-01
5.132554923920664702e-01
5.180521081190941901e-01
5.228813412518706905e-01
5.277434881243620035e-01
5.326385620236258056e-01
5.375673289088040985e-01
5.425298333599101186e-01
5.475265968585014686e-01
5.525573957709185580e-01
5.576226837501049305e-01
5.627226873674722185e-01
5.678573134113749088e-01
5.730273190857411159e-01
5.782326383968445782e-01
5.834737446070498157e-01
5.887502636547716772e-01
5.940625928521231502e-01
5.994108673159442846e-01
6.047948673116823048e-01
6.102153160789884900e-01
6.156720146684780959e-01
6.211650342935368663e-01
6.266948102585691016e-01
6.322606801885802819e-01
6.378629885313196191e-01
6.435013747915088178e-01
6.491764852468938640e-01
6.548879706670730494e-01
6.606357720372533215e-01
6.664202001930460417e-01
6.722404295259414297e-01
6.780966777278396584e-01
6.839888004875802618e-01
6.899162202076545292e-01
6.958795148468256420e-01
7.018781089931191985e-01
7.079117652327225896e-01
7.139806403116681910e-01
7.200836597069333322e-01
7.262208855849973110e-01
7.323919814875581302e-01
7.385965853930012148e-01
7.448338565490904006e-01
7.511042432520864676e-01
7.574068942785173730e-01
7.637413433997243262e-01
7.701070979532769201e-01
7.765040947049776099e-01
7.829309107930043643e-01
7.893873955206763826e-01
7.958729498998842189e-01
8.023869485637529220e-01
8.089287399228187736e-01
8.154976463703955680e-01
8.220929645381379602e-01
8.287134769926148836e-01
8.353593880087788470e-01
8.420294513527326608e-01
8.487228645114407444e-01
8.554388012580441680e-01
8.621764122153550147e-01
8.689348254717323972e-01
8.757131472489649848e-01
8.825104626215893866e-01
8.893258362868736722e-01
8.961583133844384097e-01
9.030069203643195097e-01
9.098706659020183718e-01
9.167490475071298217e-01
9.236400049451970462e-01
9.305430261549955118e-01
9.374570588934258986e-01
9.443810384104133204e-01
9.513133953460046754e-01
9.582540919074732377e-01
9.652014814481387761e-01
9.721548866326060745e-01
9.791117777444670045e-01
9.860730946352829207e-01
9.930361275364134599e-01
9.999999999999998890e-01
1.006963872463586096e+00
1.013926905364716857e+00
1.020888222255532440e+00
1.027845113367393592e+00
1.034798518551860891e+00
1.041745908092526207e+00
1.048686604653994214e+00
1.055618961589586347e+00
1.062542941106573657e+00
1.069456973845003489e+00
1.076359995054802621e+00
1.083250952492869734e+00
1.090129334097981184e+00
1.096993079635680157e+00
1.103841686615561368e+00
1.110674163713126106e+00
1.117489537378410169e+00
1.124286852751035237e+00
1.131065174528267159e+00
1.137823587784645207e+00
1.144561198741955277e+00
1.151277135488558923e+00
1.157970548647267117e+00
1.164640611991220709e+00
1.171286523007384783e+00
1.177907035461861707e+00
1.184502353629604876e+00
1.191071260077180893e+00
1.197613051436246634e+00
1.204127050100114893e+00
1.210612604479323284e+00
1.217069089206995303e+00
1.223495905295022057e+00
1.229892902046722858e+00
1.236258656600274675e+00
1.242593105721481850e+00
1.248895756747913310e+00
1.255166143450909821e+00
1.261403414606999007e+00
1.267608018512441648e+00
1.273779114415002356e+00
1.279916340293066446e+00
1.286019359688331587e+00
1.292088234767277077e+00
1.298121891006880579e+00
1.304120485153174025e+00
1.310083779792345249e+00
1.316011199512419516e+00
1.321903322272160564e+00
1.327759570474058126e+00
1.333579799806953181e+00
1.339364227962746456e+00
1.345112029332926618e+00
1.350823514753105803e+00
1.356498625208490960e+00
1.362137011468679937e+00
1.367739319811419607e+00
1.373305189741430565e+00
1.378834965706462912e+00
1.384327985331521793e+00
1.389784683921011510e+00
1.395205132688317473e+00
1.400589132684055604e+00
1.405937407147877183e+00
1.411249736345228323e+00
1.416526255392949851e+00
1.421767361603154978e+00
1.426972680914258440e+00
1.432142686588624869e+00
1.437277312632528004e+00
1.442377316249894736e+00
1.447442604229081775e+00
1.452473403141498531e+00
1.457470166640089770e+00
1.462432671091195235e+00
1.467361437976373750e+00
1.472256511875637663e+00
1.477118658748128865e+00
1.481947891880905699e+00
1.486744507607933308e+00
1.491508996993632152e+00
1.496241262258930282e+00
1.500941854605346126e+00
1.505610905888441486e+00
1.510249179621708571e+00
1.514856773734436057e+00
1.519434036738349647e+00
1.523981485253569357e+00
1.528499120570134595e+00
1.532987513378291755e+00
1.537446861740709991e+00
1.541877925342936440e+00
1.546280866268110454e+00
1.550656072316125567e+00
1.555004079433216502e+00
1.559324963607000569e+00
1.563619311238033438e+00
1.567887526650427077e+00
1.572129900376053602e+00
1.576347111910276988e+00
1.580539423700653368e+00
1.584707388792961025e+00
1.588851139985561600e+00
1.592971280171125104e+00
1.597068242217605016e+00
1.601142357594382837e+00
1.605194308572465367e+00
1.609224397528693284e+00
1.613233075866824962e+00
1.617220880803810434e+00
1.621188082317049250e+00
1.625135258499939006e+00
1.629062788883883117e+00
1.632971346806462609e+00
1.636861283111116672e+00
1.640733081016637840e+00
1.644587278237828798e+00
1.648424245837080360e+00
1.652244507323846534e+00
1.656048708668934832e+00
1.659837217089530581e+00
1.663610609610303381e+00
1.667369457743246075e+00
1.671114173282365112e+00
1.674845346735471585e+00
1.678563523962235848e+00
1.682269258842413961e+00
1.685963071706125582e+00
1.689645629740605060e+00
1.693317459212156262e+00
1.696979151926863105e+00
1.700631311151658664e+00
1.704274552211299643e+00
1.707909530014499744e+00
1.711536820238774403e+00
1.715157122446828053e+00
1.718771106315863051e+00
1.722379441943696632e+00
1.725982876734066584e+00
1.729582099231738557e+00
1.733177852067544711e+00
1.736770905080777805e+00
1.740362044533374730e+00
1.743952081083917527e+00
1.747541852450376521e+00
1.751132218095366788e+00
1.754724078299378043e+00
1.758318347990571962e+00
1.761915996731877820e+00
1.765518018353636753e+00
1.769125433558192739e+00
1.772739337585846897e+00
1.776360846743694877e+00
1.779991133757482080e+00
1.783631390326208432e+00
1.787282940750943183e+00
1.790947109303569373e+00
1.794625271302267677e+00
1.798318948220828828e+00
1.802029676842662020e+00
1.805759095746667597e+00
1.809508874807369772e+00
1.813280922973779630e+00
1.817077136353640876e+00
1.820899494572085997e+00
1.824750262201749962e+00
1.828631653406984192e+00
1.832546188379926333e+00
1.836496446060467358e+00
1.840485140572775125e+00
1.844515340627036926e+00
1.848590115425361002e+00
1.852712949228736861e+00
1.856887438115505162e+00
1.861117375513051897e+00
1.865407016366003035e+00
1.869760864633241315e+00
1.874183593624947575e+00
1.878680443069665529e+00
1.883256757981706997e+00
1.887918524927332031e+00
1.892671792648890960e+00
1.897523225152351056e+00
1.902479734453679239e+00
1.907548598194897638e+00
1.912737083462838328e+00
1.918052776999323417e+00
1.923503083956854764e+00
1.929095131224930926e+00
1.934835054957182887e+00
1.940728056306541882e+00
1.946777429258990111e+00
1.952984007950879120e+00
1.959344960300509975e+00
1.965853586783737894e+00
1.972497761162535834e+00
1.979260253684492543e+00
1.986117607404752405e+00
1.993041742996327637e+00
2.000000000000000000e+00
