0.000000000000000000e+00
1.643548490408419313e-02
3.277257411020936123e-02
4.891729977834807092e-02
6.478830850660287355e-02
8.031752186672419525e-02
9.545415826039960194e-02
1.101620797541597863e-01
1.244203028165787039e-01
1.382190161134410622e-01
1.515586850479071490e-01
1.644468535715933322e-01
1.768964894700747192e-01
1.889234621380473933e-01
2.005463806492854550e-01
2.117847858871928224e-01
2.226587652904350734e-01
2.331877460294093374e-01
2.433911115271603920e-01
2.532873310374483822e-01
2.628941648839842604e-01
2.722278842158107337e-01
2.813043962791598740e-01
2.901380586900199066e-01
2.987427674766564012e-01
3.071310437204287092e-01
3.153148342139452942e-01
3.233053590237687236e-01
3.311127220530901138e-01
3.387464381874192854e-01
3.462156009798014744e-01
3.535283330130913337e-01
3.606925684373467056e-01
3.677154160317526732e-01
3.746035768590935122e-01
3.813634873525808544e-01
3.880008952858696736e-01
3.945214955329878204e-01
4.009303570948148931e-01
4.072322850007310535e-01
4.134319862988198313e-01
4.195336563451918521e-01
4.255413359863323697e-01
4.314588012557211139e-01
4.372897090977929113e-01
4.430373939283966944e-01
4.487050276218324529e-01
4.542957022523340105e-01
4.598122294667135734e-01
4.652573221385898905e-01
4.706335407765224743e-01
4.759433503518609165e-01
4.811890448996498648e-01
4.863728222865294493e-01
4.914967904782511221e-01
4.965629273020294443e-01
5.015731406518335600e-01
5.065292341617093630e-01
5.114329366827630174e-01
5.162858972568353799e-01
5.210896911444408142e-01
5.258458325742220163e-01
5.305557623972743109e-01
5.352208159561506751e-01
5.398423710008033449e-01
5.444216727545582168e-01
5.489599354109471196e-01
5.534583799051521202e-01
5.579180451705049171e-01
5.623400414414901904e-01
5.667254038980226172e-01
5.710751281336678975e-01
5.753901720527687669e-01
5.796713946802546369e-01
5.839197960829716205e-01
5.881361844174141096e-01
5.923213867070452610e-01
5.964762012756565923e-01
6.006014561012427144e-01
6.046977653952967380e-01
6.087659019375818437e-01
6.128066251426248501e-01
6.168204561653554130e-01
6.208081952002293402e-01
6.247704958275690501e-01
6.287078419760379067e-01
6.326208758735838433e-01
6.365101703529300048e-01
6.403761559022371763e-01
6.442195684869834738e-01
6.480408424563234293e-01
6.518405928601020971e-01
6.556191305064824615e-01
6.593770115155209721e-01
6.631147001613642011e-01
6.668325160975683286e-01
6.705311168068768257e-01
6.742108303727870622e-01
6.778720700727512982e-01
6.815153894292720338e-01
6.851409239662449302e-01
6.887491708738947560e-01
6.923403713999390918e-01
6.959151137273742460e-01
6.994736502895283481e-01
7.030163252465102541e-01
7.065436247883859489e-01
7.100556166897022958e-01
7.135527387903444207e-01
7.170353044021534616e-01
7.205034486993957543e-01
7.239577683388808138e-01
7.273984193724355451e-01
7.308258403667826641e-01
7.342400389405396854e-01
7.376414105321607018e-01
7.410302220013550434e-01
7.444065588714041670e-01
7.477709870648889812e-01
7.511236143590318548e-01
7.544648467960607396e-01
7.577946359882319349e-01
7.611133483426771873e-01
7.644212142307058588e-01
7.677182756521795381e-01
7.710050829882707513e-01
7.742817017469456609e-01
7.775485159331860796e-01
7.808054255211218653e-01
7.840527775288792522e-01
7.872907733875660341e-01
7.905194180703861706e-01
7.937392549869555225e-01
7.969503132668368517e-01
8.001529606958470708e-01
8.033470527613910672e-01
8.065329228462665423e-01
8.097107492661356209e-01
8.128805082701143769e-01
8.160427371462869450e-01
8.191974358510200060e-01
8.223447712888108940e-01
8.254851233260902532e-01
8.286182564920492322e-01
8.317445161481830107e-01
8.348638609044960468e-01
8.379768142165258116e-01
8.410833564542801177e-01
8.441836383394017984e-01
8.472780166109074029e-01
8.503662499306160472e-01
8.534486657680185884e-01
8.565254071684068604e-01
8.595964034184326863e-01
8.626621921531084647e-01
8.657227229313362304e-01
8.687781318932316088e-01
8.718287631535510673e-01
8.748743532824394542e-01
8.779152221908916864e-01
8.809514999932419599e-01
8.839833154140667171e-01
8.870105767435163546e-01
8.900338286960931544e-01
8.930529958952705405e-01
8.960682020772752221e-01
8.990795698282957327e-01
9.020874343665438166e-01
9.050915035467577141e-01
9.080920955487711277e-01
9.110893286213450626e-01
9.140833200503508671e-01
9.170741861969022857e-01
9.200620425349018694e-01
9.230470036880273899e-01
9.260289639076014767e-01
9.290084678337641177e-01
9.319854166114348581e-01
9.349599219466763200e-01
9.379320948678684378e-01
9.409020457576137142e-01
9.438698843841669683e-01
9.468357199324362039e-01
9.497996610345973423e-01
9.527618158003660076e-01
9.557222918469671091e-01
9.586811963288432992e-01
9.616386359671426076e-01
9.645949341448222247e-01
9.675497514849880076e-01
9.705034202202080795e-01
9.734560456979384213e-01
9.764077329976821318e-01
9.793583771631145796e-01
9.823085290040620698e-01
9.852580580967922330e-01
9.882072491832125660e-01
9.911556043327203191e-01
9.941040983194571190e-01
9.970521609730246260e-01
1.000000000000000000e+00
1.002947839026975263e+00
1.005895901680542881e+00
1.008844395667279681e+00
1.011792750816787434e+00
1.014741941903207767e+00
1.017691470995937708e+00
1.020641622836885309e+00
1.023592267002318090e+00
1.026543954302061579e+00
1.029496579779791920e+00
1.032450248515012214e+00
1.035405065855177886e+00
1.038361364032857503e+00
1.041318803671156923e+00
1.044277708153033002e+00
1.047238184199634103e+00
1.050200338965402658e+00
1.053164280067564018e+00
1.056130115615832921e+00
1.059097954242386397e+00
1.062067905132131562e+00
1.065040078053323791e+00
1.068014583388565253e+00
1.070991532166235993e+00
1.073971036092398634e+00
1.076952996311972610e+00
1.079937957465098242e+00
1.082925813803097714e+00
1.085916679949648911e+00
1.088910671378654715e+00
1.091907904451228983e+00
1.094908496453242286e+00
1.097912565633456072e+00
1.100920430171704156e+00
1.103931797922724778e+00
1.106947004104729348e+00
1.109966171303906846e+00
1.112989423256483867e+00
1.116016684585933394e+00
1.119048500006758040e+00
1.122084777809108314e+00
1.125125646717560546e+00
1.128171236846448933e+00
1.131221868106768502e+00
1.134277277068663770e+00
1.137337807846891646e+00
1.140403596581567536e+00
1.143474592831593029e+00
1.146551334231981523e+00
1.149633750069383842e+00
1.152721983389092486e+00
1.155816361660598313e+00
1.158916643545719882e+00
1.162023185783474188e+00
1.165136139095503953e+00
1.168255483851817100e+00
1.171381743507950768e+00
1.174514876673909747e+00
1.177655228711189217e+00
1.180802564148979883e+00
1.183957262853713166e+00
1.187119491729885512e+00
1.190289250733864490e+00
1.193467077153733680e+00
1.196652947238608711e+00
1.199847039304152929e+00
1.203049686733163259e+00
1.206260745013044700e+00
1.209480581929613940e+00
1.212709226612434188e+00
1.215947222471120748e+00
1.219194574478878135e+00
1.222451484066813920e+00
1.225718298253054561e+00
1.228994917011729138e+00
1.232281724347820351e+00
1.235578785769294141e+00
1.238886651657322702e+00
1.242205364011768287e+00
1.245535153203939371e+00
1.248876385640968145e+00
1.252229012935111019e+00
1.255593441128595611e+00
1.258969777998644846e+00
1.262358589467839298e+00
1.265759961059460315e+00
1.269174159633217336e+00
1.272601580627564566e+00
1.276042231661119297e+00
1.279496551300604246e+00
1.282964695597846649e+00
1.286447261209655579e+00
1.289944383310297926e+00
1.293456375211614162e+00
1.296983674753489968e+00
1.300526349710471763e+00
1.304084886272625754e+00
1.307659628600061019e+00
1.311250829126105355e+00
1.314859076033755292e+00
1.318484610570727966e+00
1.322127929927248591e+00
1.325789169627212827e+00
1.329468883193123174e+00
1.333167483902431671e+00
1.336885299838635799e+00
1.340622988484478917e+00
1.344380869493517761e+00
1.348159407139897903e+00
1.351959157543676460e+00
1.355780431513016415e+00
1.359623844097762824e+00
1.363489829647069884e+00
1.367379124126416157e+00
1.371292158023962093e+00
1.375229504172430950e+00
1.379191804799770882e+00
1.383179543834644809e+00
1.387193374857375261e+00
1.391234098062418267e+00
1.395302234604703040e+00
1.399398543898757508e+00
1.403523798724343408e+00
1.407678613292955072e+00
1.411863815582585779e+00
1.416080203917028157e+00
1.420328605319745474e+00
1.424609827947231233e+00
1.428924871866332102e+00
1.433274596101977494e+00
1.437659958558509699e+00
1.442081954829495194e+00
1.446541620094847769e+00
1.451040064589052880e+00
1.455578327245441894e+00
1.460157628999196655e+00
1.464779184043849325e+00
1.469444237602725911e+00
1.474154167425777873e+00
1.478910308855559075e+00
1.483714102743164842e+00
1.488567063317236761e+00
1.493470765838290859e+00
1.498426859348166440e+00
1.503437072697970667e+00
1.508503209521748989e+00
1.513627177713470662e+00
1.518810955100350357e+00
1.524056649648139139e+00
1.529366459223477470e+00
1.534742677861410165e+00
1.540187770533286260e+00
1.545704297747665823e+00
1.551294972378167492e+00
1.556962606071603306e+00
1.562710290902207255e+00
1.568541198744278553e+00
1.574458664013667519e+00
1.580466343654808092e+00
1.586568013701180169e+00
1.592767714999268946e+00
1.599069642905184940e+00
1.605478504467012124e+00
1.611999104714130437e+00
1.618636512647418924e+00
1.625396423140906599e+00
1.632284583968247382e+00
1.639307431562653239e+00
1.646471666986908833e+00
1.653784399020198581e+00
1.661253561812580770e+00
1.668887277946910164e+00
1.676694640976230888e+00
1.684685165786055094e+00
1.692868956279571124e+00
1.701257232523343044e+00
1.709861941309980038e+00
1.718695603720839404e+00
1.727772115784189211e+00
1.737105835116015573e+00
1.746712668962551618e+00
1.756608888472839469e+00
1.766812253970590607e+00
1.777341234709564510e+00
1.788215214112807372e+00
1.799453619350714018e+00
1.811076537861952662e+00
1.823103510529925364e+00
1.835553146428406723e+00
1.848441314952092629e+00
1.861780983886558660e+00
1.875579697183421324e+00
1.889837920245840630e+00
1.904545841739599954e+00
1.919682478133276193e+00
1.935211691493397002e+00
1.951082700221651978e+00
1.967227425889790382e+00
1.983564515095915803e+00
2.000000000000000000e+00
