# time, M, E, An, r, v
0.000000, 0.000000, 0.000000, 2.000000, 5834.859802, 10.764139
1.000000, 0.005000, 0.016436, 0.006959, 5838.053251, 10.760667
2.000000, 0.010000, 0.032773, 0.013883, 5847.568979, 10.750337
3.000000, 0.015000, 0.048918, 0.020740, 5863.219951, 10.733398
4.000000, 0.020000, 0.064789, 0.027502, 5884.715590, 10.710237
5.000000, 0.025000, 0.080318, 0.034147, 5911.688563, 10.681342
6.000000, 0.030000, 0.095455, 0.040655, 5943.724322, 10.647265
7.000000, 0.035000, 0.110163, 0.047016, 5980.388796, 10.608579
8.000000, 0.040000, 0.124421, 0.053223, 6021.251235, 10.565856
9.000000, 0.045000, 0.138219, 0.059272, 6065.900908, 10.519637
10.000000, 0.050000, 0.151559, 0.065165, 6113.957821, 10.470423
11.000000, 0.055000, 0.164447, 0.070905, 6165.078381, 10.418664
12.000000, 0.060000, 0.176897, 0.076497, 6218.957256, 10.364761
13.000000, 0.065000, 0.188924, 0.081947, 6275.326650, 10.309064
14.000000, 0.070000, 0.200547, 0.087263, 6333.953992, 10.251875
15.000000, 0.075000, 0.211785, 0.092452, 6394.638779, 10.193455
16.000000, 0.080000, 0.222659, 0.097520, 6457.209110, 10.134027
17.000000, 0.085000, 0.233188, 0.102477, 6521.518204, 10.073781
18.000000, 0.090000, 0.243391, 0.107328, 6587.441140, 10.012879
19.000000, 0.095000, 0.253288, 0.112082, 6654.871869, 9.951458
20.000000, 0.100000, 0.262894, 0.116743, 6723.720569, 9.889636
21.000000, 0.105000, 0.272228, 0.121320, 6793.911332, 9.827510
22.000000, 0.110000, 0.281305, 0.125816, 6865.380162, 9.765164
23.000000, 0.115000, 0.290138, 0.130239, 6938.073253, 9.702670
24.000000, 0.120000, 0.298743, 0.134593, 7011.945531, 9.640087
25.000000, 0.125000, 0.307131, 0.138883, 7086.959398, 9.577467
26.000000, 0.130000, 0.315315, 0.143113, 7163.083676, 9.514853
27.000000, 0.135000, 0.323305, 0.147287, 7240.292709, 9.452282
28.000000, 0.140000, 0.331113, 0.151410, 7318.565596, 9.389783
29.000000, 0.145000, 0.338747, 0.155485, 7397.885544, 9.327385
30.000000, 0.150000, 0.346216, 0.159515, 7478.239317, 9.265107
31.000000, 0.155000, 0.353528, 0.163504, 7559.616764, 9.202970
32.000000, 0.160000, 0.360693, 0.167454, 7642.010423, 9.140989
33.000000, 0.165000, 0.367715, 0.171368, 7725.415175, 9.079177
34.000000, 0.170000, 0.374604, 0.175250, 7809.827952, 9.017544
35.000000, 0.175000, 0.381364, 0.179101, 7895.247486, 8.956100
36.000000, 0.180000, 0.388001, 0.182923, 7981.674091, 8.894851
37.000000, 0.185000, 0.394522, 0.186719, 8069.109476, 8.833805
38.000000, 0.190000, 0.400930, 0.190491, 8157.556587, 8.772966
39.000000, 0.195000, 0.407232, 0.194241, 8247.019462, 8.712337
40.000000, 0.200000, 0.413432, 0.197970, 8337.503113, 8.651921
41.000000, 0.205000, 0.419534, 0.201681, 8429.013418, 8.591721
42.000000, 0.210000, 0.425541, 0.205375, 8521.557029, 8.531739
43.000000, 0.215000, 0.431459, 0.209053, 8615.141288, 8.471974
44.000000, 0.220000, 0.437290, 0.212717, 8709.774158, 8.412428
45.000000, 0.225000, 0.443037, 0.216369, 8805.464159, 8.353100
46.000000, 0.230000, 0.448705, 0.220009, 8902.220312, 8.293990
47.000000, 0.235000, 0.454296, 0.223639, 9000.052086, 8.235099
48.000000, 0.240000, 0.459812, 0.227261, 9098.969358, 8.176424
49.000000, 0.245000, 0.465257, 0.230875, 9198.982368, 8.117964
50.000000, 0.250000, 0.470634, 0.234482, 9300.101686, 8.059719
51.000000, 0.255000, 0.475943, 0.238084, 9402.338179, 8.001688
52.000000, 0.260000, 0.481189, 0.241682, 9505.702978, 7.943867
53.000000, 0.265000, 0.486373, 0.245276, 9610.207453, 7.886257
54.000000, 0.270000, 0.491497, 0.248868, 9715.863188, 7.828855
55.000000, 0.275000, 0.496563, 0.252458, 9822.681955, 7.771659
56.000000, 0.280000, 0.501573, 0.256048, 9930.675694, 7.714668
57.000000, 0.285000, 0.506529, 0.259638, 10039.856489, 7.657879
58.000000, 0.290000, 0.511433, 0.263229, 10150.236555, 7.601291
59.000000, 0.295000, 0.516286, 0.266822, 10261.828210, 7.544902
60.000000, 0.300000, 0.521090, 0.270418, 10374.643863, 7.488710
61.000000, 0.305000, 0.525846, 0.274017, 10488.695996, 7.432713
62.000000, 0.310000, 0.530556, 0.277621, 10603.997144, 7.376909
63.000000, 0.315000, 0.535221, 0.281229, 10720.559880, 7.321296
64.000000, 0.320000, 0.539842, 0.284843, 10838.396798, 7.265872
65.000000, 0.325000, 0.544422, 0.288463, 10957.520496, 7.210636
66.000000, 0.330000, 0.548960, 0.292090, 11077.943560, 7.155585
67.000000, 0.335000, 0.553458, 0.295725, 11199.678547, 7.100718
68.000000, 0.340000, 0.557918, 0.299369, 11322.737968, 7.046033
69.000000, 0.345000, 0.562340, 0.303021, 11447.134272, 6.991528
70.000000, 0.350000, 0.566725, 0.306683, 11572.879826, 6.937202
71.000000, 0.355000, 0.571075, 0.310354, 11699.986901, 6.883053
72.000000, 0.360000, 0.575390, 0.314037, 11828.467651, 6.829078
73.000000, 0.365000, 0.579671, 0.317731, 11958.334096, 6.775278
74.000000, 0.370000, 0.583920, 0.321436, 12089.598101, 6.721649
75.000000, 0.375000, 0.588136, 0.325155, 12222.271360, 6.668191
76.000000, 0.380000, 0.592321, 0.328886, 12356.365373, 6.614903
77.000000, 0.385000, 0.596476, 0.332631, 12491.891424, 6.561782
78.000000, 0.390000, 0.600601, 0.336389, 12628.860564, 6.508827
79.000000, 0.395000, 0.604698, 0.340163, 12767.283582, 6.456038
80.000000, 0.400000, 0.608766, 0.343951, 12907.170991, 6.403413
81.000000, 0.405000, 0.612807, 0.347755, 13048.532993, 6.350951
82.000000, 0.410000, 0.616820, 0.351576, 13191.379466, 6.298650
83.000000, 0.415000, 0.620808, 0.355413, 13335.719928, 6.246510
84.000000, 0.420000, 0.624770, 0.359267, 13481.563517, 6.194529
85.000000, 0.425000, 0.628708, 0.363139, 13628.918962, 6.142707
86.000000, 0.430000, 0.632621, 0.367029, 13777.794552, 6.091043
87.000000, 0.435000, 0.636510, 0.370937, 13928.198113, 6.039536
88.000000, 0.440000, 0.640376, 0.374865, 14080.136967, 5.988184
89.000000, 0.445000, 0.644220, 0.378812, 14233.617912, 5.936988
90.000000, 0.450000, 0.648041, 0.382779, 14388.647181, 5.885947
91.000000, 0.455000, 0.651841, 0.386767, 14545.230411, 5.835060
92.000000, 0.460000, 0.655619, 0.390776, 14703.372610, 5.784327
93.000000, 0.465000, 0.659377, 0.394806, 14863.078117, 5.733746
94.000000, 0.470000, 0.663115, 0.398858, 15024.350569, 5.683319
95.000000, 0.475000, 0.666833, 0.402932, 15187.192857, 5.633044
96.000000, 0.480000, 0.670531, 0.407029, 15351.607092, 5.582920
97.000000, 0.485000, 0.674211, 0.411149, 15517.594561, 5.532949
98.000000, 0.490000, 0.677872, 0.415293, 15685.155686, 5.483129
99.000000, 0.495000, 0.681515, 0.419461, 15854.289979, 5.433461
100.000000, 0.500000, 0.685141, 0.423653, 16024.995999, 5.383945
101.000000, 0.505000, 0.688749, 0.427870, 16197.271306, 5.334581
102.000000, 0.510000, 0.692340, 0.432113, 16371.112412, 5.285368
103.000000, 0.515000, 0.695915, 0.436381, 16546.514735, 5.236307
104.000000, 0.520000, 0.699474, 0.440675, 16723.472548, 5.187399
105.000000, 0.525000, 0.703016, 0.444996, 16901.978930, 5.138644
106.000000, 0.530000, 0.706544, 0.449344, 17082.025711, 5.090041
107.000000, 0.535000, 0.710056, 0.453719, 17263.603421, 5.041593
108.000000, 0.540000, 0.713553, 0.458122, 17446.701237, 4.993299
109.000000, 0.545000, 0.717035, 0.462553, 17631.306923, 4.945160
110.000000, 0.550000, 0.720504, 0.467013, 17817.406779, 4.897177
111.000000, 0.555000, 0.723958, 0.471501, 18004.985583, 4.849351
112.000000, 0.560000, 0.727399, 0.476019, 18194.026527, 4.801683
113.000000, 0.565000, 0.730826, 0.480566, 18384.511167, 4.754174
114.000000, 0.570000, 0.734240, 0.485143, 18576.419356, 4.706825
115.000000, 0.575000, 0.737641, 0.489751, 18769.729187, 4.659638
116.000000, 0.580000, 0.741030, 0.494389, 18964.416929, 4.612614
117.000000, 0.585000, 0.744407, 0.499058, 19160.456972, 4.565754
118.000000, 0.590000, 0.747771, 0.503759, 19357.821756, 4.519060
119.000000, 0.595000, 0.751124, 0.508491, 19556.481716, 4.472534
120.000000, 0.600000, 0.754465, 0.513255, 19756.405219, 4.426178
121.000000, 0.605000, 0.757795, 0.518052, 19957.558496, 4.379994
122.000000, 0.610000, 0.761113, 0.522881, 20159.905590, 4.333984
123.000000, 0.615000, 0.764421, 0.527743, 20363.408283, 4.288151
124.000000, 0.620000, 0.767718, 0.532639, 20568.026046, 4.242496
125.000000, 0.625000, 0.771005, 0.537567, 20773.715971, 4.197023
126.000000, 0.630000, 0.774282, 0.542530, 20980.432714, 4.151734
127.000000, 0.635000, 0.777548, 0.547527, 21188.128440, 4.106632
128.000000, 0.640000, 0.780805, 0.552557, 21396.752762, 4.061720
129.000000, 0.645000, 0.784053, 0.557623, 21606.252688, 4.017003
130.000000, 0.650000, 0.787291, 0.562723, 21816.572568, 3.972482
131.000000, 0.655000, 0.790519, 0.567857, 22027.654044, 3.928162
132.000000, 0.660000, 0.793739, 0.573027, 22239.435998, 3.884046
133.000000, 0.665000, 0.796950, 0.578233, 22451.854513, 3.840140
134.000000, 0.670000, 0.800153, 0.583474, 22664.842823, 3.796446
135.000000, 0.675000, 0.803347, 0.588750, 22878.331280, 3.752970
136.000000, 0.680000, 0.806533, 0.594062, 23092.247314, 3.709716
137.000000, 0.685000, 0.809711, 0.599411, 23306.515405, 3.666689
138.000000, 0.690000, 0.812881, 0.604795, 23521.057057, 3.623895
139.000000, 0.695000, 0.816043, 0.610215, 23735.790770, 3.581340
140.000000, 0.700000, 0.819198, 0.615672, 23950.632029, 3.539028
141.000000, 0.705000, 0.822345, 0.621165, 24165.493291, 3.496966
142.000000, 0.710000, 0.825485, 0.626695, 24380.283978, 3.455161
143.000000, 0.715000, 0.828618, 0.632261, 24594.910480, 3.413619
144.000000, 0.720000, 0.831744, 0.637863, 24809.276158, 3.372347
145.000000, 0.725000, 0.834864, 0.643502, 25023.281366, 3.331353
146.000000, 0.730000, 0.837977, 0.649177, 25236.823463, 3.290645
147.000000, 0.735000, 0.841083, 0.654888, 25449.796850, 3.250231
148.000000, 0.740000, 0.844184, 0.660636, 25662.093006, 3.210118
149.000000, 0.745000, 0.847278, 0.666420, 25873.600530, 3.170317
150.000000, 0.750000, 0.850366, 0.672240, 26084.205201, 3.130837
151.000000, 0.755000, 0.853449, 0.678096, 26293.790039, 3.091687
152.000000, 0.760000, 0.856525, 0.683989, 26502.235378, 3.052878
153.000000, 0.765000, 0.859596, 0.689916, 26709.418951, 3.014421
154.000000, 0.770000, 0.862662, 0.695880, 26915.215981, 2.976326
155.000000, 0.775000, 0.865723, 0.701878, 27119.499284, 2.938606
156.000000, 0.780000, 0.868778, 0.707912, 27322.139384, 2.901273
157.000000, 0.785000, 0.871829, 0.713980, 27523.004635, 2.864340
158.000000, 0.790000, 0.874874, 0.720083, 27721.961358, 2.827820
159.000000, 0.795000, 0.877915, 0.726221, 27918.873982, 2.791728
160.000000, 0.800000, 0.880951, 0.732392, 28113.605204, 2.756077
161.000000, 0.805000, 0.883983, 0.738596, 28306.016153, 2.720884
162.000000, 0.810000, 0.887011, 0.744834, 28495.966571, 2.686163
163.000000, 0.815000, 0.890034, 0.751104, 28683.314993, 2.651932
164.000000, 0.820000, 0.893053, 0.757407, 28867.918957, 2.618208
165.000000, 0.825000, 0.896068, 0.763742, 29049.635199, 2.585008
166.000000, 0.830000, 0.899080, 0.770107, 29228.319883, 2.552352
167.000000, 0.835000, 0.902087, 0.776504, 29403.828821, 2.520258
168.000000, 0.840000, 0.905091, 0.782931, 29576.017713, 2.488746
169.000000, 0.845000, 0.908092, 0.789387, 29744.742391, 2.457836
170.000000, 0.850000, 0.911089, 0.795873, 29909.859075, 2.427551
171.000000, 0.855000, 0.914083, 0.802387, 30071.224629, 2.397911
172.000000, 0.860000, 0.917074, 0.808928, 30228.696836, 2.368940
173.000000, 0.865000, 0.920062, 0.815497, 30382.134662, 2.340660
174.000000, 0.870000, 0.923047, 0.822093, 30531.398544, 2.313095
175.000000, 0.875000, 0.926029, 0.828714, 30676.350670, 2.286270
176.000000, 0.880000, 0.929009, 0.835360, 30816.855264, 2.260209
177.000000, 0.885000, 0.931986, 0.842030, 30952.778876, 2.234937
178.000000, 0.890000, 0.934960, 0.848723, 31083.990677, 2.210481
179.000000, 0.895000, 0.937932, 0.855439, 31210.362745, 2.186866
180.000000, 0.900000, 0.940902, 0.862177, 31331.770358, 2.164118
181.000000, 0.905000, 0.943870, 0.868935, 31448.092285, 2.142263
182.000000, 0.910000, 0.946836, 0.875713, 31559.211069, 2.121329
183.000000, 0.915000, 0.949800, 0.882511, 31665.013310, 2.101341
184.000000, 0.920000, 0.952762, 0.889326, 31765.389941, 2.082326
185.000000, 0.925000, 0.955722, 0.896159, 31860.236502, 2.064308
186.000000, 0.930000, 0.958681, 0.903007, 31949.453398, 2.047315
187.000000, 0.935000, 0.961639, 0.909871, 32032.946156, 2.031369
188.000000, 0.940000, 0.964595, 0.916749, 32110.625665, 2.016496
189.000000, 0.945000, 0.967550, 0.923640, 32182.408414, 2.002718
190.000000, 0.950000, 0.970503, 0.930543, 32248.216710, 1.990058
191.000000, 0.955000, 0.973456, 0.937457, 32307.978881, 1.978535
192.000000, 0.960000, 0.976408, 0.944381, 32361.629478, 1.968171
193.000000, 0.965000, 0.979359, 0.951314, 32409.109442, 1.958981
194.000000, 0.970000, 0.982309, 0.958254, 32450.366274, 1.950982
195.000000, 0.975000, 0.985258, 0.965202, 32485.354174, 1.944190
196.000000, 0.980000, 0.988207, 0.972155, 32514.034171, 1.938615
197.000000, 0.985000, 0.991156, 0.979112, 32536.374230, 1.934268
198.000000, 0.990000, 0.994104, 0.986073, 32552.349339, 1.931157
199.000000, 0.995000, 0.997052, 0.993036, 32561.941585, 1.929288
200.000000, 1.000000, 1.000000, 1.000000, 32565.140198, 1.928665
201.000000, 1.005000, 1.002948, 1.006964, 32561.941585, 1.929288
202.000000, 1.010000, 1.005896, 1.013927, 32552.349339, 1.931157
203.000000, 1.015000, 1.008844, 1.020888, 32536.374230, 1.934268
204.000000, 1.020000, 1.011793, 1.027845, 32514.034171, 1.938615
205.000000, 1.025000, 1.014742, 1.034798, 32485.354174, 1.944190
206.000000, 1.030000, 1.017691, 1.041746, 32450.366274, 1.950982
207.000000, 1.035000, 1.020641, 1.048686, 32409.109442, 1.958981
208.000000, 1.040000, 1.023592, 1.055619, 32361.629478, 1.968171
209.000000, 1.045000, 1.026544, 1.062543, 32307.978881, 1.978535
210.000000, 1.050000, 1.029497, 1.069457, 32248.216710, 1.990058
211.000000, 1.055000, 1.032450, 1.076360, 32182.408414, 2.002718
212.000000, 1.060000, 1.035405, 1.083251, 32110.625665, 2.016496
213.000000, 1.065000, 1.038361, 1.090129, 32032.946156, 2.031369
214.000000, 1.070000, 1.041319, 1.096993, 31949.453398, 2.047315
215.000000, 1.075000, 1.044278, 1.103841, 31860.236502, 2.064308
216.000000, 1.080000, 1.047238, 1.110674, 31765.389941, 2.082326
217.000000, 1.085000, 1.050200, 1.117489, 31665.013310, 2.101341
218.000000, 1.090000, 1.053164, 1.124287, 31559.211069, 2.121329
219.000000, 1.095000, 1.056130, 1.131065, 31448.092285, 2.142263
220.000000, 1.100000, 1.059098, 1.137823, 31331.770358, 2.164118
221.000000, 1.105000, 1.062068, 1.144561, 31210.362745, 2.186866
222.000000, 1.110000, 1.065040, 1.151277, 31083.990677, 2.210481
223.000000, 1.115000, 1.068014, 1.157970, 30952.778876, 2.234937
224.000000, 1.120000, 1.070991, 1.164640, 30816.855264, 2.260209
225.000000, 1.125000, 1.073971, 1.171286, 30676.350670, 2.286270
226.000000, 1.130000, 1.076953, 1.177907, 30531.398544, 2.313095
227.000000, 1.135000, 1.079938, 1.184503, 30382.134662, 2.340660
228.000000, 1.140000, 1.082926, 1.191072, 30228.696836, 2.368940
229.000000, 1.145000, 1.085917, 1.197613, 30071.224629, 2.397911
230.000000, 1.150000, 1.088911, 1.204127, 29909.859075, 2.427551
231.000000, 1.155000, 1.091908, 1.210613, 29744.742391, 2.457836
232.000000, 1.160000, 1.094909, 1.217069, 29576.017713, 2.488746
233.000000, 1.165000, 1.097913, 1.223496, 29403.828821, 2.520258
234.000000, 1.170000, 1.100920, 1.229893, 29228.319883, 2.552352
235.000000, 1.175000, 1.103932, 1.236258, 29049.635199, 2.585008
236.000000, 1.180000, 1.106947, 1.242593, 28867.918957, 2.618208
237.000000, 1.185000, 1.109966, 1.248896, 28683.314993, 2.651932
238.000000, 1.190000, 1.112989, 1.255166, 28495.966571, 2.686163
239.000000, 1.195000, 1.116017, 1.261404, 28306.016153, 2.720884
240.000000, 1.200000, 1.119049, 1.267608, 28113.605204, 2.756077
241.000000, 1.205000, 1.122085, 1.273779, 27918.873982, 2.791728
242.000000, 1.210000, 1.125126, 1.279917, 27721.961358, 2.827820
243.000000, 1.215000, 1.128171, 1.286020, 27523.004635, 2.864340
244.000000, 1.220000, 1.131222, 1.292088, 27322.139384, 2.901273
245.000000, 1.225000, 1.134277, 1.298122, 27119.499284, 2.938606
246.000000, 1.230000, 1.137338, 1.304120, 26915.215981, 2.976326
247.000000, 1.235000, 1.140404, 1.310084, 26709.418951, 3.014421
248.000000, 1.240000, 1.143475, 1.316011, 26502.235378, 3.052878
249.000000, 1.245000, 1.146551, 1.321904, 26293.790039, 3.091687
250.000000, 1.250000, 1.149634, 1.327760, 26084.205201, 3.130837
251.000000, 1.255000, 1.152722, 1.333580, 25873.600530, 3.170317
252.000000, 1.260000, 1.155816, 1.339364, 25662.093006, 3.210118
253.000000, 1.265000, 1.158917, 1.345112, 25449.796850, 3.250231
254.000000, 1.270000, 1.162023, 1.350823, 25236.823463, 3.290645
255.000000, 1.275000, 1.165136, 1.356498, 25023.281366, 3.331353
256.000000, 1.280000, 1.168256, 1.362137, 24809.276158, 3.372347
257.000000, 1.285000, 1.171382, 1.367739, 24594.910480, 3.413619
258.000000, 1.290000, 1.174515, 1.373305, 24380.283978, 3.455161
259.000000, 1.295000, 1.177655, 1.378835, 24165.493291, 3.496966
260.000000, 1.300000, 1.180802, 1.384328, 23950.632029, 3.539028
261.000000, 1.305000, 1.183957, 1.389785, 23735.790770, 3.581340
262.000000, 1.310000, 1.187119, 1.395205, 23521.057057, 3.623895
263.000000, 1.315000, 1.190289, 1.400589, 23306.515405, 3.666689
264.000000, 1.320000, 1.193467, 1.405938, 23092.247314, 3.709716
265.000000, 1.325000, 1.196653, 1.411250, 22878.331280, 3.752970
266.000000, 1.330000, 1.199847, 1.416526, 22664.842823, 3.796446
267.000000, 1.335000, 1.203050, 1.421767, 22451.854513, 3.840140
268.000000, 1.340000, 1.206261, 1.426973, 22239.435998, 3.884046
269.000000, 1.345000, 1.209481, 1.432143, 22027.654044, 3.928162
270.000000, 1.350000, 1.212709, 1.437277, 21816.572568, 3.972482
271.000000, 1.355000, 1.215947, 1.442377, 21606.252688, 4.017003
272.000000, 1.360000, 1.219195, 1.447443, 21396.752762, 4.061720
273.000000, 1.365000, 1.222452, 1.452473, 21188.128440, 4.106632
274.000000, 1.370000, 1.225718, 1.457470, 20980.432714, 4.151734
275.000000, 1.375000, 1.228995, 1.462433, 20773.715971, 4.197023
276.000000, 1.380000, 1.232282, 1.467361, 20568.026046, 4.242496
277.000000, 1.385000, 1.235579, 1.472257, 20363.408283, 4.288151
278.000000, 1.390000, 1.238887, 1.477119, 20159.905590, 4.333984
279.000000, 1.395000, 1.242205, 1.481948, 19957.558496, 4.379994
280.000000, 1.400000, 1.245535, 1.486745, 19756.405219, 4.426178
281.000000, 1.405000, 1.248876, 1.491509, 19556.481716, 4.472534
282.000000, 1.410000, 1.252229, 1.496241, 19357.821756, 4.519060
283.000000, 1.415000, 1.255593, 1.500942, 19160.456972, 4.565754
284.000000, 1.420000, 1.258970, 1.505611, 18964.416929, 4.612614
285.000000, 1.425000, 1.262359, 1.510249, 18769.729187, 4.659638
286.000000, 1.430000, 1.265760, 1.514857, 18576.419356, 4.706825
287.000000, 1.435000, 1.269174, 1.519434, 18384.511167, 4.754174
288.000000, 1.440000, 1.272601, 1.523981, 18194.026527, 4.801683
289.000000, 1.445000, 1.276042, 1.528499, 18004.985583, 4.849351
290.000000, 1.450000, 1.279496, 1.532987, 17817.406779, 4.897177
291.000000, 1.455000, 1.282965, 1.537447, 17631.306923, 4.945160
292.000000, 1.460000, 1.286447, 1.541878, 17446.701237, 4.993299
293.000000, 1.465000, 1.289944, 1.546281, 17263.603421, 5.041593
294.000000, 1.470000, 1.293456, 1.550656, 17082.025711, 5.090041
295.000000, 1.475000, 1.296984, 1.555004, 16901.978930, 5.138644
296.000000, 1.480000, 1.300526, 1.559325, 16723.472548, 5.187399
297.000000, 1.485000, 1.304085, 1.563619, 16546.514735, 5.236307
298.000000, 1.490000, 1.307660, 1.567887, 16371.112412, 5.285368
299.000000, 1.495000, 1.311251, 1.572130, 16197.271306, 5.334581
300.000000, 1.500000, 1.314859, 1.576347, 16024.995999, 5.383945
301.000000, 1.505000, 1.318485, 1.580539, 15854.289979, 5.433461
302.000000, 1.510000, 1.322128, 1.584707, 15685.155686, 5.483129
303.000000, 1.515000, 1.325789, 1.588851, 15517.594561, 5.532949
304.000000, 1.520000, 1.329469, 1.592971, 15351.607092, 5.582920
305.000000, 1.525000, 1.333167, 1.597068, 15187.192857, 5.633044
306.000000, 1.530000, 1.336885, 1.601142, 15024.350569, 5.683319
307.000000, 1.535000, 1.340623, 1.605194, 14863.078117, 5.733746
308.000000, 1.540000, 1.344381, 1.609224, 14703.372610, 5.784327
309.000000, 1.545000, 1.348159, 1.613233, 14545.230411, 5.835060
310.000000, 1.550000, 1.351959, 1.617221, 14388.647181, 5.885947
311.000000, 1.555000, 1.355780, 1.621188, 14233.617912, 5.936988
312.000000, 1.560000, 1.359624, 1.625135, 14080.136967, 5.988184
313.000000, 1.565000, 1.363490, 1.629063, 13928.198113, 6.039536
314.000000, 1.570000, 1.367379, 1.632971, 13777.794552, 6.091043
315.000000, 1.575000, 1.371292, 1.636861, 13628.918962, 6.142707
316.000000, 1.580000, 1.375230, 1.640733, 13481.563517, 6.194529
317.000000, 1.585000, 1.379192, 1.644587, 13335.719928, 6.246510
318.000000, 1.590000, 1.383180, 1.648424, 13191.379466, 6.298650
319.000000, 1.595000, 1.387193, 1.652245, 13048.532993, 6.350951
320.000000, 1.600000, 1.391234, 1.656049, 12907.170991, 6.403413
321.000000, 1.605000, 1.395302, 1.659837, 12767.283582, 6.456038
322.000000, 1.610000, 1.399399, 1.663611, 12628.860564, 6.508827
323.000000, 1.615000, 1.403524, 1.667369, 12491.891424, 6.561782
324.000000, 1.620000, 1.407679, 1.671114, 12356.365373, 6.614903
325.000000, 1.625000, 1.411864, 1.674845, 12222.271360, 6.668191
326.000000, 1.630000, 1.416080, 1.678564, 12089.598101, 6.721649
327.000000, 1.635000, 1.420329, 1.682269, 11958.334096, 6.775278
328.000000, 1.640000, 1.424610, 1.685963, 11828.467651, 6.829078
329.000000, 1.645000, 1.428925, 1.689646, 11699.986901, 6.883053
330.000000, 1.650000, 1.433275, 1.693317, 11572.879826, 6.937202
331.000000, 1.655000, 1.437660, 1.696979, 11447.134272, 6.991528
332.000000, 1.660000, 1.442082, 1.700631, 11322.737968, 7.046033
333.000000, 1.665000, 1.446542, 1.704275, 11199.678547, 7.100718
334.000000, 1.670000, 1.451040, 1.707910, 11077.943560, 7.155585
335.000000, 1.675000, 1.455578, 1.711537, 10957.520496, 7.210636
336.000000, 1.680000, 1.460158, 1.715157, 10838.396798, 7.265872
337.000000, 1.685000, 1.464779, 1.718771, 10720.559880, 7.321296
338.000000, 1.690000, 1.469444, 1.722379, 10603.997144, 7.376909
339.000000, 1.695000, 1.474154, 1.725983, 10488.695996, 7.432713
340.000000, 1.700000, 1.478910, 1.729582, 10374.643863, 7.488710
341.000000, 1.705000, 1.483714, 1.733178, 10261.828210, 7.544902
342.000000, 1.710000, 1.488567, 1.736771, 10150.236555, 7.601291
343.000000, 1.715000, 1.493471, 1.740362, 10039.856489, 7.657879
344.000000, 1.720000, 1.498427, 1.743952, 9930.675694, 7.714668
345.000000, 1.725000, 1.503437, 1.747542, 9822.681955, 7.771659
346.000000, 1.730000, 1.508503, 1.751132, 9715.863188, 7.828855
347.000000, 1.735000, 1.513627, 1.754724, 9610.207453, 7.886257
348.000000, 1.740000, 1.518811, 1.758318, 9505.702978, 7.943867
349.000000, 1.745000, 1.524057, 1.761916, 9402.338179, 8.001688
350.000000, 1.750000, 1.529366, 1.765518, 9300.101686, 8.059719
351.000000, 1.755000, 1.534743, 1.769125, 9198.982368, 8.117964
352.000000, 1.760000, 1.540188, 1.772739, 9098.969358, 8.176424
353.000000, 1.765000, 1.545704, 1.776361, 9000.052086, 8.235099
354.000000, 1.770000, 1.551295, 1.779991, 8902.220312, 8.293990
355.000000, 1.775000, 1.556963, 1.783631, 8805.464159, 8.353100
356.000000, 1.780000, 1.562710, 1.787283, 8709.774158, 8.412428
357.000000, 1.785000, 1.568541, 1.790947, 8615.141288, 8.471974
358.000000, 1.790000, 1.574459, 1.794625, 8521.557029, 8.531739
359.000000, 1.795000, 1.580466, 1.798319, 8429.013418, 8.591721
360.000000, 1.800000, 1.586568, 1.802030, 8337.503113, 8.651921
361.000000, 1.805000, 1.592768, 1.805759, 8247.019462, 8.712337
362.000000, 1.810000, 1.599070, 1.809509, 8157.556587, 8.772966
363.000000, 1.815000, 1.605478, 1.813281, 8069.109476, 8.833805
364.000000, 1.820000, 1.611999, 1.817077, 7981.674091, 8.894851
365.000000, 1.825000, 1.618636, 1.820899, 7895.247486, 8.956100
366.000000, 1.830000, 1.625396, 1.824750, 7809.827952, 9.017544
367.000000, 1.835000, 1.632285, 1.828632, 7725.415175, 9.079177
368.000000, 1.840000, 1.639307, 1.832546, 7642.010423, 9.140989
369.000000, 1.845000, 1.646472, 1.836496, 7559.616764, 9.202970
370.000000, 1.850000, 1.653784, 1.840485, 7478.239317, 9.265107
371.000000, 1.855000, 1.661253, 1.844515, 7397.885544, 9.327385
372.000000, 1.860000, 1.668887, 1.848590, 7318.565596, 9.389783
373.000000, 1.865000, 1.676695, 1.852713, 7240.292709, 9.452282
374.000000, 1.870000, 1.684685, 1.856887, 7163.083676, 9.514853
375.000000, 1.875000, 1.692869, 1.861117, 7086.959398, 9.577467
376.000000, 1.880000, 1.701257, 1.865407, 7011.945531, 9.640087
377.000000, 1.885000, 1.709862, 1.869761, 6938.073253, 9.702670
378.000000, 1.890000, 1.718695, 1.874184, 6865.380162, 9.765164
379.000000, 1.895000, 1.727772, 1.878680, 6793.911332, 9.827510
380.000000, 1.900000, 1.737106, 1.883257, 6723.720569, 9.889636
381.000000, 1.905000, 1.746712, 1.887918, 6654.871869, 9.951458
382.000000, 1.910000, 1.756609, 1.892672, 6587.441140, 10.012879
383.000000, 1.915000, 1.766812, 1.897523, 6521.518204, 10.073781
384.000000, 1.920000, 1.777341, 1.902480, 6457.209110, 10.134027
385.000000, 1.925000, 1.788215, 1.907548, 6394.638779, 10.193455
386.000000, 1.930000, 1.799453, 1.912737, 6333.953992, 10.251875
387.000000, 1.935000, 1.811076, 1.918053, 6275.326650, 10.309064
388.000000, 1.940000, 1.823103, 1.923503, 6218.957256, 10.364761
389.000000, 1.945000, 1.835553, 1.929095, 6165.078381, 10.418664
390.000000, 1.950000, 1.848441, 1.934835, 6113.957821, 10.470423
391.000000, 1.955000, 1.861781, 1.940728, 6065.900908, 10.519637
392.000000, 1.960000, 1.875579, 1.946777, 6021.251235, 10.565856
393.000000, 1.965000, 1.889837, 1.952984, 5980.388796, 10.608579
394.000000, 1.970000, 1.904545, 1.959345, 5943.724322, 10.647265
395.000000, 1.975000, 1.919682, 1.965853, 5911.688563, 10.681342
396.000000, 1.980000, 1.935211, 1.972498, 5884.715590, 10.710237
397.000000, 1.985000, 1.951082, 1.979260, 5863.219951, 10.733398
398.000000, 1.990000, 1.967227, 1.986117, 5847.568979, 10.750337
399.000000, 1.995000, 1.983564, 1.993041, 5838.053251, 10.760667
400.000000, 2.000000, 2.000000, 2.000000, 5834.859802, 10.764139
