1.299559797970436921e+04
1.299625909477103596e+04
1.299824211976938022e+04
1.300159754798133872e+04
1.300626047860922699e+04
1.301225131324220092e+04
1.301956679668348079e+04
1.302820296826494632e+04
1.303815517242913484e+04
1.304941807109023648e+04
1.306198565770371351e+04
1.307585127296484643e+04
1.309121069242791782e+04
1.310767983916734920e+04
1.312542408333286039e+04
1.314443403152119754e+04
1.316469973536702128e+04
1.318621071839446267e+04
1.320895600366746294e+04
1.323292414206952890e+04
1.325810324104399660e+04
1.328448099362818539e+04
1.331204470761815901e+04
1.334078133470575813e+04
1.337067749943554554e+04
1.340171952783646339e+04
1.343389347559108865e+04
1.346718515561438289e+04
1.350158016492337811e+04
1.353706391068959965e+04
1.357362163537659035e+04
1.361123844087587349e+04
1.364989931156583589e+04
1.368958913622914042e+04
1.373029272877539370e+04
1.377199484772663527e+04
1.381468021443385078e+04
1.385833353000294119e+04
1.390293949091828654e+04
1.394848280336136850e+04
1.399494819623046715e+04
1.404232043287549823e+04
1.409058432156948038e+04
1.413972472474461392e+04
1.418972656702710447e+04
1.424057484210991606e+04
1.429182353932342630e+04
1.434434485063116699e+04
1.439766833122409844e+04
1.445177910290506043e+04
1.450666238329840053e+04
1.456230348847601454e+04
1.461868783460535269e+04
1.467580093866549578e+04
1.473362841828003911e+04
1.479215599071729230e+04
1.485136947111014342e+04
1.491125476994897144e+04
1.497179788990179259e+04
1.503298492201630688e+04
1.509480204135847271e+04
1.515723550214205352e+04
1.522027163240289519e+04
1.528389682827097749e+04
1.534809754789199906e+04
1.541286030504907649e+04
1.547817166253345204e+04
1.554401822531146900e+04
1.561038663353314587e+04
1.567726355542570309e+04
1.574463568011321513e+04
1.581248971040142533e+04
1.588081235556444335e+04
1.594943068182996467e+04
1.601868776234612415e+04
1.608836793223011409e+04
1.615845811033710561e+04
1.622894524227927286e+04
1.629981629141108715e+04
1.637105822966445703e+04
1.644265802827446169e+04
1.651460264843580808e+04
1.658687903192934755e+04
1.665947409175712164e+04
1.673237470282334834e+04
1.680556769269779761e+04
1.687903983249681551e+04
1.695277782791605932e+04
1.702676831044773280e+04
1.710099782881381179e+04
1.717545284064540101e+04
1.725017212627218032e+04
1.732479173329164405e+04
1.740003388005933084e+04
1.747525334516584553e+04
1.755062895503137042e+04
1.762614646322479894e+04
1.770179148309825177e+04
1.777754948234522089e+04
1.785340577800963001e+04
1.792934553196100023e+04
1.800535374684926501e+04
1.808095480101652720e+04
1.815696199256524415e+04
1.823298152576508073e+04
1.830899750687913183e+04
1.838499392899885424e+04
1.846095467292136891e+04
1.853686350822613167e+04
1.861270409454491528e+04
1.868845998301963118e+04
1.876411461794264687e+04
1.883965133857480032e+04
1.891505338113673133e+04
1.899030388096950264e+04
1.906538587486109100e+04
1.914028230353572144e+04
1.921497601430351642e+04
1.928944976386852068e+04
1.936368622129353025e+04
1.943766797112075801e+04
1.951137751664781172e+04
1.958479728335894833e+04
1.965790962251199380e+04
1.973069681488186325e+04
1.980314107466182759e+04
1.987522455352436737e+04
1.994786000852447978e+04
2.001923144284322552e+04
2.009018932945919369e+04
2.016071538732734552e+04
2.023079128270107685e+04
2.030039863538968348e+04
2.036951902529643485e+04
2.043813399923312318e+04
2.050622507800601306e+04
2.057377376376771645e+04
2.064076154762867736e+04
2.070716991752145987e+04
2.077298036631029754e+04
2.083817440013775922e+04
2.090273354699986157e+04
2.096663936554027168e+04
2.102987345405375527e+04
2.109241745968845862e+04
2.115425308783608853e+04
2.121536211169863236e+04
2.127572638201964583e+04
2.133532783696796469e+04
2.139414851216102761e+04
2.145217055081481885e+04
2.150937621400706485e+04
2.156574789103999137e+04
2.162126810988872603e+04
2.167591954772119061e+04
2.172968504147521526e+04
2.178254759847834066e+04
2.183449040709572728e+04
2.188549684739158329e+04
2.193555050178935562e+04
2.198463516571604123e+04
2.203273485821591748e+04
2.207983383251919076e+04
2.212591658655093488e+04
2.217096787336616762e+04
2.221497271149667722e+04
2.225791639519573437e+04
2.229978450456688734e+04
2.234056291556329961e+04
2.238023780984434052e+04
2.241879568447657584e+04
2.245622336146636735e+04
2.249250799711189393e+04
2.252763709116252357e+04
2.256159849577401837e+04
2.259438042424829473e+04
2.262597145954692314e+04
2.265636056256797747e+04
2.268553708017612735e+04
2.271349075297645322e+04
2.274021172282273983e+04
2.276569054005150610e+04
2.278991817043343326e+04
2.281288600183426388e+04
2.283458585057772507e+04
2.285500996750334525e+04
2.287415104371258712e+04
2.289200221599707220e+04
2.290855707194300339e+04
2.292348338054455235e+04
2.293748233031440031e+04
2.295016420826114700e+04
2.296152419136421668e+04
2.297155795096730799e+04
2.298026165717257390e+04
2.298763198274512615e+04
2.299366610651759765e+04
2.299836171628612647e+04
2.300175773855781517e+04
2.300374089636990175e+04
2.300440202029562715e+04
2.300374089636990175e+04
2.300175773855781517e+04
2.299836171628612647e+04
2.299366610651759765e+04
2.298763198274512615e+04
2.298026165717257390e+04
2.297155795096730799e+04
2.296152419136421668e+04
2.295016420826114700e+04
2.293748233031440031e+04
2.292348338054455235e+04
2.290855707194300339e+04
2.289200221599707220e+04
2.287415104371258712e+04
2.285500996750334525e+04
2.283458585057772507e+04
2.281288600183426752e+04
2.278991817043343326e+04
2.276569054005150610e+04
2.274021172282273983e+04
2.271349075297645322e+04
2.268553708017612371e+04
2.265636056256797747e+04
2.262597145954692314e+04
2.259438042424829473e+04
2.256159849577402201e+04
2.252763709116252357e+04
2.249250799711189393e+04
2.245622336146636371e+04
2.241879568447657584e+04
2.238023780984434052e+04
2.234056291556329961e+04
2.229978450456688734e+04
2.225791639519573800e+04
2.221497271149667722e+04
2.217096787336616762e+04
2.212591658655093488e+04
2.207983383251919076e+04
2.203273485821591748e+04
2.198463516571604123e+04
2.193555050178935562e+04
2.188549684739158693e+04
2.183449040709572728e+04
2.178254759847834066e+04
2.172968504147521526e+04
2.167591954772119425e+04
2.162126810988872239e+04
2.156574789103999501e+04
2.150937621400706848e+04
2.145217055081481885e+04
2.139414851216102761e+04
2.133532783696796832e+04
2.127572638201964946e+04
2.121536211169863236e+04
2.115425308783609580e+04
2.109241745968845862e+04
2.102987345405375891e+04
2.096663936554027168e+04
2.090273354699986157e+04
2.083817440013776286e+04
2.077298036631030118e+04
2.070716991752146350e+04
2.064076154762867736e+04
2.057377376376771645e+04
2.050622507800602034e+04
2.043813399923311954e+04
2.036951902529643485e+04
2.030039863538968348e+04
2.023079128270107685e+04
2.016071538732734552e+04
2.009018932945919005e+04
2.001923144284322188e+04
1.994786000852447978e+04
1.987522455352436009e+04
1.980314107466183123e+04
1.973069681488186689e+04
1.965790962251199744e+04
1.958479728335895197e+04
1.951137751664781536e+04
1.943766797112076165e+04
1.936368622129353025e+04
1.928944976386852431e+04
1.921497601430351642e+04
1.914028230353572508e+04
1.906538587486109100e+04
1.899030388096950628e+04
1.891505338113673497e+04
1.883965133857480032e+04
1.876411461794264687e+04
1.868845998301963118e+04
1.861270409454491528e+04
1.853686350822612803e+04
1.846095467292136891e+04
1.838499392899885424e+04
1.830899750687913183e+04
1.823298152576508073e+04
1.815696199256524415e+04
1.808095480101652720e+04
1.800535374684926865e+04
1.792934553196100387e+04
1.785340577800963365e+04
1.777754948234522089e+04
1.770179148309825177e+04
1.762614646322479894e+04
1.755062895503137406e+04
1.747525334516584553e+04
1.740003388005933448e+04
1.732479173329164041e+04
1.725017212627218032e+04
1.717545284064540465e+04
1.710099782881380816e+04
1.702676831044773280e+04
1.695277782791606296e+04
1.687903983249681187e+04
1.680556769269780125e+04
1.673237470282335198e+04
1.665947409175712164e+04
1.658687903192934391e+04
1.651460264843580808e+04
1.644265802827446169e+04
1.637105822966446067e+04
1.629981629141108351e+04
1.622894524227927286e+04
1.615845811033710561e+04
1.608836793223011409e+04
1.601868776234612778e+04
1.594943068182996467e+04
1.588081235556444881e+04
1.581248971040142533e+04
1.574463568011321877e+04
1.567726355542570673e+04
1.561038663353314587e+04
1.554401822531146900e+04
1.547817166253345567e+04
1.541286030504907649e+04
1.534809754789200269e+04
1.528389682827097749e+04
1.522027163240289883e+04
1.515723550214205352e+04
1.509480204135847271e+04
1.503298492201630688e+04
1.497179788990179622e+04
1.491125476994897144e+04
1.485136947111014706e+04
1.479215599071729048e+04
1.473362841828003911e+04
1.467580093866549578e+04
1.461868783460534905e+04
1.456230348847601817e+04
1.450666238329840053e+04
1.445177910290506043e+04
1.439766833122410208e+04
1.434434485063116699e+04
1.429182353932342630e+04
1.424057484210991970e+04
1.418972656702710447e+04
1.413972472474461756e+04
1.409058432156948038e+04
1.404232043287549823e+04
1.399494819623046715e+04
1.394848280336137213e+04
1.390293949091828654e+04
1.385833353000294119e+04
1.381468021443385078e+04
1.377199484772663527e+04
1.373029272877539188e+04
1.368958913622913678e+04
1.364989931156583589e+04
1.361123844087587349e+04
1.357362163537659217e+04
1.353706391068959965e+04
1.350158016492337629e+04
1.346718515561438289e+04
1.343389347559108865e+04
1.340171952783646520e+04
1.337067749943554918e+04
1.334078133470575813e+04
1.331204470761816265e+04
1.328448099362818721e+04
1.325810324104399660e+04
1.323292414206952890e+04
1.320895600366746294e+04
1.318621071839446267e+04
1.316469973536702128e+04
1.314443403152119754e+04
1.312542408333286039e+04
1.310767983916734920e+04
1.309121069242791964e+04
1.307585127296484643e+04
1.306198565770371351e+04
1.304941807109023648e+04
1.303815517242913484e+04
1.302820296826494632e+04
1.301956679668348079e+04
1.301225131324220092e+04
1.300626047860922699e+04
1.300159754798133872e+04
1.299824211976938022e+04
1.299625909477103596e+04
1.299559797970436921e+04
