1.076413897373297068e+01
1.076066715943827390e+01
1.075033723384739481e+01
1.073339864414669087e+01
1.071023757243639274e+01
1.068134351461963760e+01
1.064726583195033527e+01
1.060858091137350101e+01
1.056585740015202290e+01
1.051963871885171464e+01
1.047042459428234196e+01
1.041866623352105137e+01
1.036476260027776419e+01
1.030906520162205453e+01
1.025187625085137633e+01
1.019345638038635293e+01
1.013402764545790724e+01
1.007378198941759351e+01
1.001288035210416361e+01
9.951460130936203186e+00
9.889636671174537597e+00
9.827510947143334619e+00
9.765164762597741799e+00
9.702670924112307915e+00
9.640087933699717837e+00
9.577468358936265247e+00
9.514854833738871420e+00
9.452282583118847725e+00
9.389783929888460889e+00
9.327385523890910690e+00
9.265107967593182892e+00
9.202971363484381939e+00
9.140989681748951767e+00
9.079176945042915392e+00
9.017544419860834992e+00
8.956099904850050919e+00
8.894852135619297329e+00
8.833805507061388340e+00
8.772965807235953761e+00
8.712337318413863940e+00
8.651921533093430483e+00
8.591721484766990713e+00
8.531738615132649528e+00
8.471974116680026867e+00
8.412427708145120420e+00
8.353099922473058214e+00
8.293990705568559108e+00
8.235098717286573944e+00
8.176423601163083532e+00
8.117964243988440742e+00
8.059719477689538891e+00
8.001687593795569597e+00
7.943867282847542732e+00
7.886256933904324029e+00
7.828854657871624489e+00
7.771658830144418495e+00
7.714667502738437044e+00
7.657878868714070641e+00
7.601291001219203203e+00
7.544901976964778711e+00
7.488709869342256020e+00
7.432712656478360991e+00
7.376908419239488701e+00
7.321295778910494434e+00
7.265872180494071131e+00
7.210636017097775685e+00
7.155585463023053094e+00
7.100718042535931751e+00
7.046032967733781405e+00
6.991528084972142842e+00
6.937201686723484251e+00
6.883052108469629005e+00
6.829077732103930209e+00
6.775277782174449648e+00
6.721649332273719857e+00
6.668191509317495935e+00
6.614902869498440197e+00
6.561782014127367724e+00
6.508826857819253853e+00
6.456037775054605632e+00
6.403412837509129041e+00
6.350950021483196650e+00
6.298650156710643877e+00
6.246510214219891388e+00
6.194528846236292630e+00
6.142706731092257399e+00
6.091042279743948740e+00
6.039534630751649757e+00
5.988184642282509351e+00
5.936988952623210025e+00
5.885948050703539991e+00
5.835059870276709582e+00
5.784326284628567905e+00
5.733745758168776518e+00
5.683317866512264338e+00
5.633044032053383887e+00
5.582921006089191174e+00
5.532949896901260267e+00
5.483130575135071183e+00
5.433460916636613902e+00
5.383944422489933324e+00
5.334579598851802551e+00
5.285368390485380097e+00
5.236307933863149522e+00
5.187399917410763450e+00
5.138644733126671582e+00
5.090040779931226389e+00
5.041592194289161277e+00
4.993297992884543568e+00
4.945158891581122873e+00
4.897178061777297309e+00
4.849352286329098760e+00
4.801684445275977708e+00
4.754173515158639951e+00
4.706824461828110984e+00
4.659636897350303286e+00
4.612612243744926843e+00
4.565754474240351968e+00
4.519060935794452227e+00
4.472535381477484862e+00
4.426177480702085276e+00
4.379993269791202515e+00
4.333983098512063314e+00
4.288149280650111805e+00
4.242496821314024835e+00
4.197023778187769061e+00
4.151735023755194653e+00
4.106631135791285914e+00
4.061719491211105648e+00
4.017001418159009241e+00
3.972480390324998556e+00
3.928162719670922787e+00
3.884047481609134600e+00
3.840140977406217182e+00
3.796445049510333902e+00
3.752968713987793858e+00
3.709714659017321559e+00
3.666687898398952594e+00
3.623896389656078298e+00
3.581340750200052714e+00
3.539029101768109253e+00
3.496967567204238847e+00
3.455159712460993404e+00
3.413617579941855773e+00
3.372345773716387551e+00
3.331354327926558057e+00
3.290646189785780606e+00
3.250231800056565756e+00
3.210119721099166323e+00
3.170316256433257873e+00
3.130835799245533568e+00
3.091685834384640064e+00
3.052876662498090976e+00
3.014421706424566860e+00
2.976327250852969897e+00
2.938607449471010380e+00
2.901274622184904395e+00
2.864339113418640448e+00
2.827819165189718653e+00
2.791726508759886816e+00
2.756075767932870679e+00
2.720882183685913169e+00
2.686164125802024571e+00
2.651933305954079945e+00
2.618209208954129785e+00
2.585009674871955099e+00
2.552353217791820228e+00
2.520256768665043889e+00
2.488744607782509277e+00
2.457835146653735592e+00
2.427549607729879266e+00
2.397909872514690566e+00
2.368938464475615735e+00
2.340658525900413789e+00
2.313093788080451407e+00
2.286270482230522205e+00
2.260209511534748028e+00
2.234938044803987278e+00
2.210481715975884498e+00
2.186866478248226553e+00
2.164118522380014564e+00
2.142264184946635286e+00
2.121329846460739965e+00
2.101341819447314130e+00
2.082326226765257804e+00
2.064308870697017628e+00
2.047315093578572665e+00
2.031369631009325438e+00
2.016495406530711243e+00
2.002717714880757338e+00
1.990057354309955562e+00
1.978535066495962669e+00
1.968170196594709820e+00
1.958981150007564676e+00
1.950982647862787411e+00
1.944189729519915089e+00
1.938614389405316052e+00
1.934267839050914040e+00
1.931156867100404018e+00
1.929288135194681786e+00
1.928664867420140316e+00
1.929288135194681786e+00
1.931156867100404018e+00
1.934267839050914040e+00
1.938614389405316052e+00
1.944189729519915089e+00
1.950982647862787411e+00
1.958981150007563343e+00
1.968170196594709820e+00
1.978535066495962669e+00
1.990057354309955562e+00
2.002717714880758670e+00
2.016495406530711243e+00
2.031369631009325438e+00
2.047315093578572665e+00
2.064308870697014964e+00
2.082326226765260468e+00
2.101341819447314130e+00
2.121329846460739965e+00
2.142264184946635286e+00
2.164118522380014564e+00
2.186866478248226553e+00
2.210481715975884498e+00
2.234938044803987278e+00
2.260209511534748028e+00
2.286270482230522205e+00
2.313093788080450519e+00
2.340658525900413789e+00
2.368938464475615735e+00
2.397909872514689233e+00
2.427549607729875714e+00
2.457835146653735592e+00
2.488744607782507057e+00
2.520256768665043889e+00
2.552353217791817119e+00
2.585009674871953766e+00
2.618209208954128009e+00
2.651933305954079945e+00
2.686164125802024571e+00
2.720882183685914057e+00
2.756075767932870679e+00
2.791726508759886816e+00
2.827819165189720430e+00
2.864339113418640448e+00
2.901274622184904395e+00
2.938607449471009492e+00
2.976327250852969897e+00
3.014421706424568637e+00
3.052876662498089200e+00
3.091685834384641840e+00
3.130835799245531792e+00
3.170316256433254321e+00
3.210119721099165435e+00
3.250231800056563980e+00
3.290646189785779274e+00
3.331354327926558057e+00
3.372345773716388884e+00
3.413617579941854441e+00
3.455159712460990296e+00
3.496967567204237515e+00
3.539029101768107477e+00
3.581340750200052714e+00
3.623896389656078298e+00
3.666687898398950818e+00
3.709714659017325111e+00
3.752968713987789418e+00
3.796445049510332570e+00
3.840140977406218514e+00
3.884047481609135932e+00
3.928162719670922787e+00
3.972480390324998556e+00
4.017001418159008352e+00
4.061719491211105648e+00
4.106631135791283249e+00
4.151735023755195542e+00
4.197023778187765508e+00
4.242496821314022171e+00
4.288149280650111805e+00
4.333983098512059762e+00
4.379993269791204291e+00
4.426177480702085276e+00
4.472535381477483085e+00
4.519060935794451339e+00
4.565754474240348415e+00
4.612612243744925955e+00
4.659636897350301510e+00
4.706824461828110095e+00
4.754173515158639063e+00
4.801684445275977708e+00
4.849352286329096096e+00
4.897178061777294644e+00
4.945158891581121985e+00
4.993297992884544456e+00
5.041592194289162165e+00
5.090040779931227277e+00
5.138644733126672470e+00
5.187399917410761674e+00
5.236307933863149522e+00
5.285368390485380097e+00
5.334579598851803439e+00
5.383944422489934212e+00
5.433460916636613014e+00
5.483130575135068518e+00
5.532949896901255826e+00
5.582921006089191174e+00
5.633044032053382999e+00
5.683317866512262562e+00
5.733745758168774742e+00
5.784326284628569681e+00
5.835059870276708693e+00
5.885948050703538215e+00
5.936988952623208249e+00
5.988184642282507575e+00
6.039534630751647093e+00
6.091042279743948740e+00
6.142706731092255623e+00
6.194528846236292630e+00
6.246510214219892276e+00
6.298650156710644765e+00
6.350950021483197538e+00
6.403412837509129041e+00
6.456037775054602967e+00
6.508826857819254741e+00
6.561782014127365947e+00
6.614902869498442861e+00
6.668191509317495047e+00
6.721649332273714528e+00
6.775277782174451424e+00
6.829077732103929321e+00
6.883052108469628116e+00
6.937201686723485139e+00
6.991528084972140178e+00
7.046032967733779628e+00
7.100718042535930863e+00
7.155585463023053094e+00
7.210636017097776573e+00
7.265872180494070243e+00
7.321295778910494434e+00
7.376908419239488701e+00
7.432712656478360103e+00
7.488709869342255132e+00
7.544901976964779600e+00
7.601291001219200538e+00
7.657878868714073306e+00
7.714667502738436156e+00
7.771658830144418495e+00
7.828854657871624489e+00
7.886256933904324029e+00
7.943867282847543621e+00
8.001687593795569597e+00
8.059719477689537115e+00
8.117964243988440742e+00
8.176423601163079979e+00
8.235098717286572167e+00
8.293990705568557331e+00
8.353099922473056438e+00
8.412427708145120420e+00
8.471974116680021538e+00
8.531738615132645975e+00
8.591721484766988937e+00
8.651921533093428707e+00
8.712337318413863940e+00
8.772965807235950209e+00
8.833805507061386564e+00
8.894852135619299105e+00
8.956099904850047366e+00
9.017544419860834992e+00
9.079176945042915392e+00
9.140989681748951767e+00
9.202971363484381939e+00
9.265107967593181115e+00
9.327385523890910690e+00
9.389783929888462666e+00
9.452282583118844173e+00
9.514854833738874973e+00
9.577468358936261694e+00
9.640087933699714284e+00
9.702670924112306139e+00
9.765164762597738246e+00
9.827510947143334619e+00
9.889636671174537597e+00
9.951460130936203186e+00
1.001288035210416183e+01
1.007378198941759173e+01
1.013402764545790369e+01
1.019345638038635471e+01
1.025187625085137633e+01
1.030906520162205453e+01
1.036476260027776419e+01
1.041866623352105137e+01
1.047042459428234018e+01
1.051963871885171287e+01
1.056585740015202290e+01
1.060858091137350101e+01
1.064726583195033349e+01
1.068134351461963760e+01
1.071023757243639274e+01
1.073339864414669087e+01
1.075033723384739481e+01
1.076066715943827390e+01
1.076413897373297068e+01
